$ANSIBLE_VAULT;1.1;AES256
62306662316331343639303432623934346666653439383539303863363830343738313733653337
6462393864613561323736313164363164386661633966300a313431613166316135636564393234
33316635323366393239323334323634343232613666306636313632613233376234643036633763
3730343762313063330a396536633139346537636532633463346536383031373862343831653063
30613363373232386433663062336462663963663335646164316631633663396334313737376637
35363638613636333635343162396435623533383365366137396130346464653461363466343534
66353264643962373665616530386338616366336231333434356463313961643130353231386339
34303464613033343063363866626235303633363464366666326337366439643631303332626331
66643336343866343163623235396330353132623666653939663930623338366466333163613534
62646331393462396539363035643263323666393964616431656434643264373832646339366563
61396539613034613037366135326164633531303236336334393162313630373061623033376133
61623536303539383766333738363065356539613839346532626565343935613034343037353862
38356366383964343131366464343763343839636333316536303136326331366563323939326637
6337366337643835323131396263646133666233363666353162
